eval_loss = 0.6265692092080153
global_step = 268
loss = 0.6518244956856343
mcc = 0.0
