eval_loss = 0.6252329586116412
global_step = 268
loss = 0.6226788421175373
mcc = 0.0
