eval_loss = 0.6202644173425572
global_step = 536
loss = 0.6089377332089553
mcc = 0.0
