eval_loss = 0.6210695223043893
global_step = 536
loss = 0.6106403407765858
mcc = 0.0
