eval_loss = 0.6286527910305344
global_step = 268
loss = 0.6993517519822762
mcc = 0.0
